11111111111111111111111111111111111111111111111111111111111111111111111111111111111111111111111111111111111111111111111111111111111111111111111111111111111111111111111111111111111111111111111111111111
11111111111111111111111111111111111111111111111111111111111111111111111111111111111111111111111111111111111111111111111111111111111111111111111111111111111111111111111111111111111111111111111111111111
11111111111111111111111111111111111111111111111111111111111111111111111111111111111111111111111111111111111111111111111111111111111111111111111111111111111111111111111111111111111111111111111111111111
11111111111111111111111111111111111111111111111111111111111111111111111111111111111111111111111111111111111111111111111111111111111111111111111111111111111111111111111111111111111111111111111111111111
11111111111111111111111111111111111111111111111111111111111111111111111111111111111111111111111111111111111111111111111111111111111111111111111111111111111111111111111111111111111111111111111111111111
11111111000111111111111111111111111111111111111111111111111111111111111111111111111111111111111111111111111111111111111111111111111111111111111111111111111111111111111111111111111111111111111111111111
11111100000000001111111110000000000000000111110000011000000000000000111111110000000000000001111000000001111110000000000000000000000000111111000000000000001111110000000000000000000000000000001100011111
11111100000100001111110000000000000000000111110000111000000000000000111111111000000000000001111110000000111111100000000000000000000000011110000000000001111110000000000000000000000000000000011100011111
11111100011110000111000000000000000000000111110000111000000000000000011111111000000000000001111110000000011111100000000000000000000000000000000100000011111110000000000000000000000000000000111100011111
11111100001111000000000000000000000000000111111001111111111000000000000111110000000000000001111111000000011111100000000000000000001100000000000110000011111110000000000000000000000000000011111000011111
11111100000111100000000000000000000000000011110001111111111100000000000000110000000000000000111111000000111111100000000000000000001100000000000111000111111110000000000000000000000000001111100000011111
11111101000111100000000000000000000000000000000001111111111110000000000000010000000000000000011111100001111111000000000000000000001100000000000011111111111110000000000000000000000000001111000000011111
11111101100011110000000000000000000000000000000011111110001111000000000000111000000000001000001111110001111110000000000000000000111110000000000011111111111100000000000000000000000000001110000000011111
11111101110011111000000000000000000000000000000001111100000111100000000001111000000000011100000111110001110000000000000000000000111110000000000001111111100000000000000000000000000000000111111000011111
11111101110001111000000000000000000000000000000000010000000111100000000001110000011111111100000111110001000000000000000000000000011111000000000000001111000000000000000000000000000000000001111100011111
11111111111011110000000000000000000000000000000000000000000111100000000000000000111111111100000111111000000000000000000000000000001111000000000000000000000000000000000000000000000000000000111001111111
11111111111111100000000000000000000000000000000000000000000111100000000000000001111111111100000111110000000000000000000000000000000110000000000000000000000000000000000000000000000000000000000001111111
11111111111111000000000000000000000000000000000000000000000111100011111100000001111111111110011111000000000000000000000000000000000110000000000000000000000000000000000000000000000000000000000011111111
11111111111110000000000000000000000000000000000000000000000111000111111100000001111111111111111110000000000000000000000000000000001110000000000000000000000000000000000000000000000000000000000111111111
11111111101110000000000000000000000000000000000000000000000000000111111110000001111111100111111110000000000000000000000000000000001110000000000000000000000000000000000000000000000000000000001111111111
11111111000000000000000000000000000000000000000000000000000000000011111111100001110011000111111100000000000000000000000000011000011110000000000000110000000000000000000000000000000000000000001000011111
11111110000000000000011100000000000000000000000000000000000000000001111111111000100000001111100000000000000000000000000000011100111100000110000111110000000000000000000000000000000000000000000000011111
11111110000000000000011100000000000000000000000000000000000000000000111111111100000000011111000000000000000000000000000000011111111100001111000111100000000000000000000000000000000000000000000000111111
11111111000001000000011110000000000000000000000000000000000000000000011110011110000000111110000000000000100000000000000000011111111100001111100011100000000000000000000000000000000000000000000001111111
11111111000011100000011110000000000000000000000000000000000000000000001100001111110000111110000000000001110000000000000000001111111110001111110111110011100000000000000000000000000000000011100111111111
11111111100011110000001111000000000000000000000010000000000000000000001100000011111001111100000000000001110000000111000000000111111110001111111111111111100000000000000000000000000000000111111111111111
11111101100011110000001111000000000000000000000111000000000000000000011100000001111111111000000000000000111111111111111100000011111100000110011111111111100000000000000000000000000000000011111111011111
11111101100111100000001111000000000000000000000011000000000000000000011110000000111111110000000000000000111111111111111100000000000000000000001111000111000000000000000000000000000000000000000000011111
11111101100111000000001111100000000000000000000011100000000000000000011111001000011111110000000000000000111111110000000000000000000000000000000000000000000000000000000000000000000000000000000000011111
11111100000111000000001111100000000000000000000111100000000000000000001111111100001111100000000000000000111111100000000000000000000000000000000000000000000000000000000000000000000000000000000000011111
11111100000011100000001111110000000000000000001111000000000000000000001111111000001111000000000000000000111000000000000000000000110000001000000000000000000000000000000000000000000000000000000000011111
11111100000001110000001111111100000000000000011110000000000000000000001111110000011110000000000000000000000000000000000000000001111100001100000000000000000000000000000000000000000000000000000000011111
11111100100001111000001111111111000000000000111110000000000000000000001111000011111100000000000000000000000000000000000000000001111100001100000000000000000000000000000000000000000000000000000000011111
11111111110001111100000111111110001000000000111110000000000000000000001110000111111000000000000000000000000000000000000000000000011110000100000000000000000000000000000000000000000000000000000000011111
11111111110011111000000001111111111100000000111100000000000000000000001110000111100000000000000000000000000000000000000000000000001100000110000000000000000000000000000000000000000000000000000000011111
11111111111111100000000000001110000000000000111100000000000000000000001110000010000111000000000000000000000000000000000000000000011100001111000000000000000000000000000000000000000000000000000000011111
11111101111111000000000000001111000000000000111000000000000000000000011110000000001111000000000000000000000000000000000000000000011100011111000000000000000000000000000000000000000000000000000000011111
11111100111100000000000000001110000000000000111100000000000000000000011110000000001111000000000000000000000000000000000000000000011111111111000000000000000000000000000000000000000000000000000000011111
11111100000000000000000000011110000000000000111100000000000000000000011111000000001110011000000000000000000000000000000000000000000011100111000000000000000000000000000000000000000000000000000000011111
11111100000000000000000000111100000000000000111100000000000000000000001111000000011111111100000000000000000000000000000000000000000000000111100000000000000000000000000000000000000000000000000000011111
11111100000000000000000000011110000000000001111000000000000000000000000111100000111111111100000000000000000000000000000000000000000000000111110000000001100000000000000000000000000000000000000000011111
11111100000000000000000000000010000000000011110000000000000000000000000111100001111111111110000000000000000000000111110001111100000000011111110000000011110000000000000000000000000000000000000000011111
11111100000000000000000000000010000000000011110000000000000000000000001111000001111111111111000000000000000000000111111011111111011111111111110000011111110000000000000000000000000000000000000000011111
11111100000000000000000000000000000000000001110000000001111100000000111110000001110011100111000000000000000000000000111111111111111111111111100000111111110000000000000000000000000000000000000000011111
11111100000000000000000000000000000000000001110000000001111110000001111110000001110000000111000000000000000000000000011111000111111111111111100000111111110000000000000000000000000000000000000000011111
11111100000000000000000000000000000111111100000000000001111111111011111100000001110000000111000000000000000000000000001110001111110000011111000000011111111000000000010000000000000000000000000000011111
11111100000000000000000001111000001111111111000000000000011111111111110000000000111111000111000000000000000000000000001110011111100000001111000000001111111111000000111100000000000000000000000000011111
11111100001100000000000011111110011100111111100000000000011111111111100000000000111111100000000000000000000000000000011110011111000000000000000000000111111111100000111111111000000000000000000000011111
11111100011100000000000111111111111000001111111111100000000000111100000000000000111111100000000000000000000000000000011111000111000000000000000000000111111111100000011111111100000000000000000000011111
11111100111100000000001111111111110000000111111111100000000000000000000001111111111111100000000000000000000000000000111110000111100000000000000000000111111111100000011110011100000000000000000000111111
11111101111100000000001111100111100000000011000111100000000000000000000011111111111111110000000000000000000000000001100000000111110000000000000000000111111111000000111100001110000000000000000000011111
11111101111110000000011110000111000000000000000000000000000000000000000001111001100000110000000000000000000000000011000000001111110000000000000000000111111110000000011000001111100001100000001010011111
11111111111111000000011100000110000000000000000000000000000000000000000000110000000000000000000000000000000000000110000000000111110000000000000000000011100000000000000000001111111111111110111111111111
11111111111111100000011000000000000000000000000000000000000000000000000000000000000000000000000000000000000000011110000000000011111000000000001100000000000000000000000000011100001111111111111111111111
11111111110011000000000000000000000000000000000000000000000000000000000000000000000000000000000000000000000000111111000001000001111000000000001110000000000000000000000000111000000111111111111111111111
11111111000000000000000000000000000000000000000000000000000000000000000000000000000000000000000000000000000000111111000011100000111100000000000110000000000000000000000000010000000011111111111111111111
11111100000000000000000000000000000000000000000000000000000000000000000000000000000000000000000000000000000000111110000011100000011000000000000110000110000000000000000110000000000001111111111111111111
11111100000000000000000000000000000000000000000000000000000000000000000000000000000000000000000000000000000000111000000111100000000000000110001110000111100000000000000110000000000000111111111111111111
11111100000000000000000000000000000000000000000000000000000000000000000000000000000000000000000000000000000000010000000111100000000000001111111110000011110000000000000111000000000000011111111111111111
11111100000000000000000000000000011100000000000000000000000000000000000000000000000000000000000000000000000000000000001111110000000000001111111110000000111000000000001111000000000000011111111111111111
11111100000000000000000000000000111110000000000000000000000000000000000000000000000000000000000000000000000000000000001111110000000000011111111100000000111000000000011111000000000000011111111111111111
11111100011000000000000000000000111111100001100000000000000000000000000000000000000000000000000000000000000000000000001111110000000000011111111000001101111000000000011110000000000000111111111111111111
11111100011111110001110000000000001111110001111000000000000000000000000000000000000000000000000000000000000000000000001111111000000000001111100000001111111100000000001110000000000000111100011110111111
11111100011111111111111000000000000111111000110000000000000000000000000000000000000000000000000000000000000000000000001111111110000000000000000000001111111111000010000111000000000001111000001100011111
11111100111111111111111100000000001111111100111000000000000000000000000000000000000000000000000000000000000000000000000110011111100000000000000000000011111111111111000011100000000011110000001110011111
11111101111111111111111110000000001111111111111000000000000000000000000000000000000000000000000000000000000000000000000000001111110000000000000000000001111111111110000011100011000001100000001110011111
11111101111001111111101110000000000111100111111100000000000000000000000000000000000000000000000000000000000000000000000000001111110000000000000000000001111001111110000011000111100000000000001110011111
11111111100000011111000110000000000000000001111110000000000000000000000000000000000000000000000000000000000000000000000000001111100000001100000000000011110000011111111110000111100000000000000110011111
11111111000000000110000010000000000000000000111111000000000000000000000000000000110000000000000000000000000000000000000000001111000000011111000000000111110000000111111110000111110000000000000000011111
11111111000000000000000000000000000000000000111110000000000000000000000000000000110000000000000000000000000000000000000000011110000000111111111100000011110000000111111100001111110000000000000000011111
11111111000000000000000000000000000000000000111100000000000000000000000000000000110000000000000000000000000000000000000000111110000011111111111100000001110000000111000000011111110000000000000000011111
11111111000000000000000000000000000000000000111100000000000000000000000000000001111000000000001110000000000000000000000001111110000111111100011100000000100000001110000000011111110000000000000011111111
11111111100000000000000000000000000000000001111100000000000000000000000000000111111000000000001111000000000000000000000011111110000111111000001000000000000000011110000000011111110000000000000011111111
11111111100000000000000000000000000000000011111110000000000000000000000000000111111000000000001111000000000000000000000011111111001111110000000000000000000001111110000000011111110000000000000011111111
11111111100000000000000000000000000000111111111110111000000000000000011100000111111000000000011110000000000000000000000011111111111111100000000000000000000011111110000000011111100000000000000001111111
11111111100000000000000010000000000111111111111101111100000000000000111110000111110000000000001110000000000000000000000111111111111000000000000000000000000011111110000000011000000000000000000001111111
11111111110000000000000111000000000111111111111000111100000000000000111111111111110000000000000111000000000000000000001111111100111000000000000000000000000011100000000000010000000000000000000000111111
11111111110000000011101111100000000011111111111001111100000000000000111111111111110000000000000111000000000000000000001111111000011100000000000000000000000011100000000000000000000000000000000000011111
11111111110000000111111111111110000011111000000001111000000000000001111111111111110000000000000111000001100000000000001111110000011110000000000000000000000011111000011110000000000000000000000000011111
11111111000000000011111111111111000111111000000001110000000000000001111111111111110000000000001111000011110000000000000000000000001110000000000000000000000001111111111110000000000000000000000000011111
11111110000000000001111111111111111111110000000000110000000000000001111111111111110000000000111110000011111000000000000000000000000000000000000000000000000000001111111110000000000000000000000000111111
11111100000000000000111111111111111111100000000000111000000000000001111111111111100000000001111100000011111000000000000000000000000000000000000000000000000000000111111110000000000000000000000001111111
11111101100000000000000000111111001111000000000001111100000000000000000111111111000000000011111100000001111000000000001110000000000000000000000000000000000000000011111100000000000000000000000011111111
11111111100000000000000000111111000110000000000000111110000000000000000000011110000000000111111100000000111000000000011111001100000111000000000000000000000000000011110000000000000000000000000011111111
11111111100000000000000000111110000000000000000000000111110000000000000000011110000000011111111110000000011000011111111111111110001111100000000000000000000000000011110000000000000000000000000000011111
11111111000000000000000001111110000000000000000000000011110000000000000000011110000000011111111111000000011111111111111111111111111111100000000000000000000000000011110000000000000000000000000000011111
11111110000000000000011111111100000000000000000000000011110000000000000000001110000000011111111111100001011111111111111111111111111111000011000000000000011000000001111100000000000000000000000000011111
11111100000000000000111111111000000000000000000000000011110000000001100000000100000000001111100011000111111111111111111111111111111110000111100000000000111100000000111110000000000000000000000000011111
11111100000000000001111111110000000000000000000000000111100000000001100000000000000000001110000000000110111100011111111111111111111110000111100001111111111100000000111110000000000000000000000000011111
11111100000000000001111100000000000000000000000000000000000001100011100000000000000000001100000000000000001000001111000111111001000100001111100011111111111100000000011111000000000000000000000000011111
11111110000000000001111000000000000000000000000000000000000011111111100000000000000000001110000000000000000000000110000011000000000000011111000111111111111000000000011111100000000000000000000000011111
11111111000000000000110000000000000000000000000000000000000011111111100000000000000000011111000000000000000000000000000000000000000000011110000111111111111000000100001111110000000000000000000000011111
11111111000000000000000000000000000000000000111111100000000111111111101110000000000000011111100000000000000000000000000000000000011100001110000010011111111100001110000111111000000000000000000000011111
11111101110000000000000000000000000000000000111111111000111111111111111110000000000000111111000000000000000000000000000000000000011100000111000000001100111100011100000011111100000000000000000000011111
11111100000000000000000000000000000000000000111100111111111111111111111110000000000001111100000000000000000000000000000000000000111110000011100000000000001111111100000000011100000000000000000000011111
11111100000000000000000000000000000000000000000000011111111111100011111110000000000001111000000000000000000000000000000000000000011110000111100000000000000100111000000000001110000000000000000000011111
11111100000000000000000000000000000000000000000000011111111110000000000000000000000011110000000000000000000000000000000000000000011111111111000000000000000000111000000000001110000000000011000000011111
11111100000000000000000000000000000000000000000000011111111100000000000000000000000111110000000000000000000000000000000000000000011111111100000000000000000000111000000000001100000000000011100000011111
11111100000000000000000000000000000000000000000000000000111000000000000000000000000111100000000000000000000000000000000000000000001111111000000000000000000000111000000000000000000000000011100000011111
11111100000000000000000000000000000000000000000000000000010000000000000000000000000000000000000000000000000000000000000000000000001111111000000000000000000000111000000000000000000000000011110000011111
11111100000000000000000000000000000000000000000000000001110000000000000000000000000000000000000000000000000000000100000000000000000111110000000000000000000000111000000000000000000000111111110000011111
11111100000000000000000000000000000000000000000000000011000000000000000000000000000000011000000000000000000000001111110000000000000111100000000000000000000000111000000000000000000000111111111001111111
11111100000000000000000000000000000000000000000000000111000000000000000000000000000011111100000000000000000000001111111000000000001111000000000000000000000000111110000000000000000000111111111111111111
11111110000000000000000000000000000000000000000000000010000000000000000000000000000111111111000000000000000000000111111100000000011110000000000000000000000000111110000000000000000000111111111111111111
11111111000000000000000000000000000000000000000000000000000000000000000000000000000111111111100000000000000000000011111100000111111100000000000000000000000000111110000000000000000000111111111111111111
11111111000000000000000000000000000000000000000000000000000000000000000000000000000111111111110000000000000000000001111000011111100000000000000000000000000000111000000000000000000001111000111111111111
11111111000000000000000000000000000000000000000000000000000000000000000000000000000000001111111000000000000000000000111000011000000000000000000000000000000000010000000000000000000001110000000111111111
11111111000000001100000000000000000000000000000000000000000000000000000000000000000000000111111100000000000000000000111000000000000000000000000000000000000000000000000000000000000001110000000011111111
11111111100000011100000000000000000000000000000000000000000000000000000000000000000000000010001110000000000000000000111100000000000000000000000000000000000000000000000000000000000111100000000011111111
11111111110000011111110000000000000000000000000000000000000000000000000000000000000000000000001100000000000000000001111111100000000000000000000000000000000000111000000000000000011111000000000001111111
11111111110000111111111000000000000000000000000000000000000110000000000000000000000000000000001100000000000000000000111111111000000000000000000000000000000001111100000000000000011110000000000001111111
11111111110000111111111100000000000000000000000000000000001111000000000000000000000000000000001100000000000000000000000011111100000000000000000000000000000111111110000000000000111100000000000000011111
11111111100000011111111110000000000000000000000000000000011111000000000000000000000000000000000100000000000000000000000000111110000000000000000000000000001111111111111000000001111100000000000000011111
11111110000000000000111110000000000000000000000000000001111110000000000000000000000000000000000110000000000000000000000000011111100000000000000000000000011110011111111111000000110000000000000000011111
11111100000000000000011110000000000000000000000000011111111000000000000000000000000000000000000000000000000000000000000000011111110000000000000000000000001100001111111111000000000000000000000000011111
11111100000000000000111100000000000000000000000111111111110000000000000000000000000000000000000000000000000000000000000000001011111000000000000000000000000000001111110000000000000000000000000000011111
11111100000000000111111100000000000000000000000111111111111000000000000000000000000000000000110000000000000000000000000000000000111000000000000000000000000000000111100000000000000000000000000000011111
11111110001100000111111100000000000000000000000011111000111100000100000000000000000000001111110000000000000000000000000000000000000000000000000000000000000000000111100000000000000000000000000000011111
11111110001100000011111110000000000000000000000001111000011110000110000000000000000000011111110000000000000000000000000000000000000000000000000000000000000000000011000000000000000000000000000000011111
11111100011100000011001111000000000000000000000000010000001111001111000000000000000000111111100000000000000000000000000000000000000000000000000000001110000000000000000000000000000000000000000000111111
11111100111000000010000111000000000000000000011100000000001111111110000000000000000001111111100000000000000000000000000000000000000000000000000000001111000000000000000000000000000000000000000001111111
11111100110000000111000111000000000000001111111110000000000111111100000000000000000111110001110000000000000000000000000000000000000000000000000000011111100000000000000000000000000000000000000001111111
11111100110000000111000111000000000000011111111110000000000111111000000000000000011111110000000000000000000000000000000000000000000000000000000000001111110000000000000000000000000000000000000001111111
11111100110000000110000011100000000000111111111100000000000011111100000000000000111111110000110011100000000000000000000000000000000000000000000000000111111100000000000000000000000000000000000000111111
11111101111000000000000011100000000001111100111000000000000001111111110000000000111111110000111111111100000000000000000000000000000000000000000000110111111110000000000000000000000000000000000000111111
11111111100011000000000011100000000011111000010000000000000000011111111000000000011100000001111111111111110000000000000000000000000000000000000000111111111110000000000000000000000000000000000000111111
11111111100011000000000011100000000011111000000000000000000000001111111100000000000000000011111111111111111100000000000000000000000000000000000000001111111111000000000000000000000000000000000000111111
11111111000001100000000001000000000000111100000000000000000000000111111111100000000000000111111111111111111110000000000000000000000000000000000000000111100011100000000000000000000000000000000000011111
11111111100011111100000000000000000000011100000000000000000000000110011111110000000000001111111111111111111110000000000000110000000000000000000100000011000000100000000000000000000000000000000000011111
11111111111111111110000000000000000000001000000000000000000000001110011111110000000000011111111101111111111110000000000001111110000000000001001110000000000000000000000000000000000000000000000000011111
11111111111111111110000000000000000000000000000000000000000000001110001111100000000000111110000000000000111110000000000011111110000000000011111100000000000000000000000000000000000000000000000000011111
11111111111111111100000000000000000000000000000000000000000000000100000000000000000000111110000000000000001100000000000111111110000000000111111000000000000000000000000000000110000000000000000000011111
11111111100011111100000011000000000000000000000000000000000000000000000000000000000000011100000000000000000000000000000111111100000000011111110000000000000000000000000000001111000000000000000000011111
11111111000011111100000111100000000000000000000000000000000000000000000000000000000000000000000000000000000000000000000111110000000000111111100000000000000000000000000000011111111000000000000000011111
11111110000011111000001111111100000000000000000000000000000000000000011111000000000000000000000000000000000000000000001111100000000000111111100000000000000000000000000000111101111100000000000000011111
11111110000011100000011111111111000000000000000000000000000000000000011111110000000000000000000000000000000000000001111111110000000001110011100000000000000000000000000000111000111110000000000000011111
11111100000001000000011111111111100000000000000000000000000000000000001111111000000000000000000000000000000000000011111111111100000011110001100000000000000000000000000000010000111110000000000000011111
11111100000000000000111110111111110000000011000000000000000000000000000111111000000000000000000000000000000000000001100001111100000011111000000000000000000000000000000000000000011110000000000111111111
11111100011000000000111100011111110000000111100000000000000000000000000011110000000000000000000000000000000000000000000000010000000011111100000000000000000000000000000000000000011100000000011111111111
11111100111100000000111000011111110000000111110000000000000000000000000011110000000000000111000000000000000000000000000000000000000001111100000000000000000000000000000000000000011000000000001111111111
11111100111000000000000000111111100000000111111111100000000000000000000001110000000000001111100000000000000000000000000000000000000001111110000000000000000000000000000000000000011000000000000001111111
11111101110000000000000000011111000000000111111111100000000000000000000000111111000000111111000000000000000000000000001000000000000011111100000110000000000000000000000000000000111000000000000000011111
11111111110000000000000000000111000000001111110011000000000000000000000000011111000001111110000000000000000000000000011100000000000001111000001111000000000000000000000000011111111100000100000000011111
11111111110000000000000000000010000000001111100000000000000000000000000000011110000001111100000000000000000000000000011111000000000000000000001111000000000000000000000001111111111110001111110000011111
11111111110000000000000000000010000000011111100000000000000000000000000000011100000000000111001111111100000000011100001111100000000000000000000111100000000000000000000011111111111110000111111000011111
11111101110000000000000000000000000000011111000000000000000000000000000000011100000000000111111111111100000000011100000111100000000000000000000011111111111100000000000111111111111110000011110001111111
11111100111000000000000000000000000000001110000000000000000000000000000000000000000000000111111111111100000000011100000111100000000000000000000001111111111111000000000111111111111110000011110011111111
11111100111100000000000000000000000000000000000000000000000000000000000000000000000000000011111001111100000000011110000111000000000000000000000000111111111111100000000000000111111111000001111111111111
11111100111100000000000000000000000000000000000000000000000000000000000000000000000000000000110000111110000000011111000110000000000000000000000000000011111111000000000000000111111111000000101111111111
11111100111100000000000000000000000000000000000000000000000000000000000000000000000000000000000000011111000000011111101110000000000000000000000000000111111110000000000000001111100110000000001111011111
11111100111000000000000000000000000000000000000000000000000000000000000000000000000000000000000000011111100000011111111110000000000000000000000000011111110000000000000000011110000000000000000110011111
11111100010000000000000000000000000000000111000000000000000000000000000000000000000000000000000000000111100000001111111110000000000000000000000000011111110000000000000000011100000000000000000000011111
11111100000000000000000000000000000000000111000000000000000000000000000000000000000000000000000000000000000000000001111111000000000000000000000000011111110000000000000000011110000000000000000000011111
11111100000000000000000000000000000000000110000000000000000000000000000000000000000000000000000000000000000000000000111111100000000000000000000000011111111000000000000000001100000000000110000000011111
11111110000000000000000000000000000000000110000000001000000000000000000000000000000000000000000000000000000001100000111111110000000000000000000000001111111000000000000000000000000000011110000000011111
11111110000000000000000000000000000000000111000000111100000000000000000000000000000000000000000000000000000011111001111111100000000000000000000000000011111000000000000000000000000000111110000000011111
11111100000000000000000000000000000000001111100111111100000000000000000000000000000000000000000000000000000011111111111111100000000000000000000000000000000000000000000000000000000001111100000000011111
11111100000000000000000000000000000011111111000111111100000000000000000000000000000000000000000000000000000001111111111111000000000000000000000000000000000000000000000000000000000011111000000000011111
11111100000000000000000000000000000001111111000111111110000000000000000000000000000000000000000000000000000000000111111111000011100000000000000000000000000000000000000000000000000001110000000000011111
11111110000000000000000000000000000000111110000000111110000000000000000000000000000000000000000000000000000000000000111111100111111000000000000000000000000000000000000000000000000000110000000000011111
11111110000000000000000000000000000000111000000000011111000000000000000000000000000000000000000000000000000000000000011111110111111100000000000000000000000000000000000000000000000000110000000011111111
11111110000000000000000000000000000001110000000000011100000000000000000000000000000000000000000000000000000000000000001111100011111110000000000000000000000000000000000000000011100001110000001111111111
11111111000000000000000000000000000001111000000000011100000000000000000000000000000000000000000000000000000000000000000000000000111111110000000000000000000000000000000000000111110011111000011111111111
11111111110000000000000000000000000001111111111100111000000000000000000000000000000110000000000000000010000000000000000000000000111111110000000000000000000000000000000000000111111111111000011111111111
11111111111000000000000000000000000011111111111111111000000000000000000000000000011110000000000011000111000000000000000000011001111111110000000000000000000000000000000000000111111111110000001110011111
11111111111111000000000000000000001111111111111111111000000000000000000000000000011100000000000001111111000000000000000111111111111001100000000000000000000000000000000000000111111111100000000000011111
11111111111111100000000000000000011111111111111111111000000000000000000000000100111000000000000000111111111000000000001111111111100000000000000000000000000000000000000000000011111100000000000000011111
11111100000111100000000000000000011111111111111111111100000000000000000000001111100000000000000000011111111100000000011111111111000000000000001100000000000000000000000000000001111000000000000000011111
11111100000011000000000000000000001111111111111111111110000000000000000000001111100000000000000000001111111110000000011111111111000000000000011110000000000000000000000000000000000000000000000000011111
11111100000011000000000000000000001111111111111111111111000000000000000000001111100000000000000000001111000100000000011110001111100000000000111110000000000000000000000000000000000000000000000000011111
11111100000010000000000000000000000111111111111111111111100000000000000000000111110000000000000000001111000000000000011100000111100000000111111100000000000000000000000000000000000000000000000000011111
11111100000000000000000000000000000000011111111111111111100000000000000000000011111110000000000000001111000000000000000000001111000001111111111000000000000000000000000000000000000000000000100000011111
11111100000000001100000000000000000000011111111111000000000000000000000000000000001111000000000000001111000000000000000000011110000011111111110000000000000000000000000000000000000000000000110000011111
11111100000000011110000000000000000000011111111110000000000000000000000000000000001111000000000000011110000000000000000001111000000111111111110000000000000000000000000000000000000000000000110000011111
11111100000000111110000000000000000000011100001110000000000000000000001111000000001111100000000000111100000000000000000011110000000111100111110000000000000000000000000000000000000000000001110000011111
11111101000011111110000000000000000000000000000111000000000000000000001111110000111001110000000000111100000000000000000111100000000111000011110000000000000000000000000000000000000000000011100000011111
11111111111111100000000000000000000000000000000011100000000000000000000111111111110000111000000000011000000000000000000111000001111111000001100000000000000000000000000000000000000000000011100000011111
11111111111110000000000000000000000000000000000011110000000000000000000000011111100000110000000000011100000000000000000011000001111110000001100000000000000000000000000000000000000000000111100000011111
11111111111000000000000000000000000000000000000011110000000000000000000000001111000000110000000000011000000000000000000011100000011000000011110000000000000000000000000000000000000000001111100000011111
11111111110000000000000000000000000000000000000001100000000000000000000000000111000000110000000000111000000000000000000111100000000000000111111100000000000000000000000000000000000000011111100000011111
11111111100000000000000000000000000000000000000000000000000000000000000000000111000000000000000000110000000000000000111111100000000000001111111110000000000000000000000000000000000000011111111100011111
11111111000000000000000000000000000000000000000000000000000000000000000000001111000000000000000000000000000000000111111111000000000000011111111110000000000000000000000000000000010000001111111100011111
11111111000000000011000000000000000000000000000000000000000000000000000000001110000001000000000000000000000000000011111111100000110000011111111100000000000000000000000000000000111000001111111100011111
11111111000000000011100000000000000000000000000000000000000000000000111000001110000011100000000000000000000000000000000011111111110000011111111100000000000000000000000000000001110000000111111000011111
11111111111000001111110000000000000000000000000000000000000000000001111100001100000011100000000000000000000000000000000000111111100000011111111000000000000000000000000000000001110010000011000000011111
11111111111110001111110000000000000000000000000000000000000000011111111100001100000011100000000000000000000011100000000000000111100000011111111000000000100000000000000000000011110111000000000000011111
11111111111110000011111000000000000000000000000000000000000000111111111110000000000001100000000000000000000111111100000000000011100000011111111000000001110000000000000001100111111111100000001111111111
11111111111111000000111100000000000000000000000000000000000001111111111110000000000000100000000000000000011111111110000000000011100000011001111000000001110000000000000011111111111111000000001111111111
11111101100011000000011110000000000000000000000111110000000011111111111100000000000000110000000000000000011111111111000000000001110000000001111000000000110000000000000111111000000000000000000111111111
11111100000001100000111111100000000000000000001111111000000011110000111100000000000000111000000000000000111111111111000000000001111110000001111000000000110000000000001111110000000000000000000000111111
11111100000000111111111111110000000000000000001111111000000011100000111110000000000000111000000000000000011111110011100000000011111111000011111000000000111000000000001111110000000000000000000000011111
11111110000000001111100011111000000100000000001111110000000111100000111111000000000000110000000000000000001111110001111100000111000111000111111100000000111100111100011111100000000000000000000000011111
11111110000000000111000001110000001110000000011111100000000111110000011111000000000000110000000000000000000111110000111111011110000011100111111100000000011111111110011000000000000000000000000000111111
11111110000000000111000000000000011110000111111111000000000011100000011110000000000001110000000000000000000111110000111111111110000001100011111100000000011111111111000000000000000000000000000000111111
11111100000000000000000000000000111110001111111000000000000000000000001100000000000001111000000000000000000011110000111111111100000001100001111000000000011111111111000000000000000000000000000000111111
11111100000000000000000000000000011111111111110000000000000000000000000000000000000011111100000000000000000011100001111111111000000001100001110000000000111111101110000000000000000000000000000000011111
11111100000000000000000000000000000011111111100000000000000000000000000000000000000011111110000000000000000011000001111111100000000001100011100000000000111111000000000000000000000000000000000000011111
11111100000000000000000000100000000011111111000000000011100000000000000000000000000001111100000000000000000011000000111110000000000011100111000000111000011111000000000000000000000000000000000000011111
11111100000000000000000011110000000111000010000000001111110000000000000000000000000000000000000000000001110000000000001100000000000011111110000000111100000111000000000000000000000000000000000000011111
11111100000000000000000111111000111110000000000000111111110000000011100000000000000000000000000000000011111000000000000110000000000011111110000000011110000000000000000000000000000000000000000000011111
11111100000000000000000111111111111110000000000011111111111000000111110000000000000000000000000000000011110000000000000111100000000011111110000000011110000000000000000000000000000000000000000000011111
11111100000000000110001111111111111110000000000111111111111000001111110000000000000000000000000000000111110000000000000111110000000011111100000000001110000000000000000000000000000000000000000000011111
11111100000000000111111111111111111110000000000111100001111111111111111000000000000000000000000000101111110000000000000111110000000111100000000000000111000111110000000000000000000000000000000000011111
11111100000000001111111111111111111110000000000010000000011111111100111000000000000000000000000001111111110000000000000011111000001111100000000000000111111111110000001100000000000000000000000000011111
11111110000000000111111111111110011100000000000000000000001111111100010000000000000000000000000001111111110000000000000001110000001111100000000000000111111111110000011100000000000000000000000000011111
11111111110000111000000011111100000000000000000000000000000011111100000000000000000000000000000001111111110000000000000001110000000111100000000000000111111001100000111000000000000000000000000000011111
11111111110001110000000001111000000000000000000000000000000111111110000000000000000000000000000001111111010000000000111011110000000111100000000000000111110000000001111000000000000000000000000000011111
11111100000001111000000001111000000000000000000000000000000111111110000000000000000000000000000001111110000000000001111111110000001111000000000000001111110000000011111100000000000000000000000011111111
11111100000001111000000001111100000000000000000000000000000011001110000000000000000000000000000001111110000001100001111111100000011111000000000000001111111100000111111000000000000000000000000111111111
11111100000001111000000001111110000000000000000000000000000000000111000000000000000000000000000001111111001111110001111111000001111110000000000000000111111110001110000000000000000000000000001111011111
11111111000001111100000000001110000000000000000000000000000000000111000000000000000000000000000000111111111111111011111110000111111100000000000000000000001111011110000000000000000000000000001111011111
11111111100111111100000000000000001110000000000000000000000000000011000000000000000000000000000000111111111111111111111110001111111000000000000000000000000111111110000000000000000000000000001110011111
11111111111111111110000000000000011110000000000000000000000000000000000000000000000000000000000111111111111100111111111110001111111000000000000000000000000011111111001100000000000000000000001110011111
11111111111111111110000000000000011110000000000000000000000000000000000000000000000000000000011111111111111000011111100100001111111101100000000000000000000011111111111110000000000000000000000000011111
11111111111111011100000000000000011100000000000000000000000000000000000000000000000000000000111111111111110000000111000000001111111111111000000000000000000111111111111100000000000000000000000000011111
11111100111100000000000000000000011110000000000000000000000000000000000000000000000000000000111111100111110000000010000000000000000111111100000000000000000111111110000000000000000000000000000000011111
11111100000000000000000000000000001111100000100000000000000000000000000000000000000000000001110000000001110000000000000000000000000111111000000000000010001111111100000000000000000000000000000000011111
11111100000000000000000000000000000111110001110000000000000010000000000000000000000000000001100000000001110000000000000000000000000111110000000000000011001110000000000000000000000000000000000000011111
11111100000000000000000000000000000011111111110000000000000111110000000000000000000000000001111000000001110000000000000000000000000111100000000000001111111110000000011110000000000000000000000000011111
11111100000000000000000000000000000000011111100000000000000111111000000000000000000000000011111111100001000000000000000000000000000011000000000000111111111110000000111111000000000000000000000000011111
11111100000000000000000000000000000000000110000000000000000011111000000000000000000000000011111111100000000011110000000000000000000000000000000000111111111100000001111111000000000000000000000000011111
11111100000000000000000000000000000000000000000000000000000011111000000000000001000000000001111110000000011111111000000000000000000000000000000000111111110000000011111111000000000000000000000000011111
11111100000000000000000000000000000000000000000000000000000001111100000000000111111111000000011110000000111111111100000000000000000000000000000000011111000000011111111110000000000000000000000000111111
11111100000000000000000000000000000000000000000000000000000000111110000000001111111111000000001110000000111111111110000000000000000000000000000000011110000000111111111100000000000000000000000000111111
11111100000000000000000000000000000000000000000000000000000000011111000000001111111111000000000111000000111111111111000000000000000001110000000000001100000000011111110000000000000000000000000001111111
11111100000000000000000000000000000000000000000000000000000000001111110000011111100000000000000111100001111111111110001111111000000001110000000000000000000000011111100000000000000000000000000011111111
11111100000000000000000000000000000000000000000000000000000000001111111000011110000000000000000111100001111111111110011111111100000011110000000000000000001111111111000000000000000000000000001111111111
11111100000000000000000000000000000000000000000000000000000000001111111000111100000110000000001111100001111111101000011111111100000011110000000000000000011111111111000000000000000000000000001111111111
11111100000000000000000000000000000000000000000000000000000000000111111000111100001111000000001111000000111111000000011111111100000011111000000000000000011111111111000000000000000000000000001111111111
11111100000000000000000000000000000000000000000000000000000000000001111000011110001111000000011110000000111110000000111111111000000001111100000000000000011111111111000000000000000000000000000111111111
11111100000000000000000000000000000000000000000000000000000000000000111000001111001111001111111100000011111100000000111111111000000000111110000000000000000011111110000000000000000000000000000111111111
11111100000000000000000000000000000000000000000000000000000000000000110000000111111111000111111100011111111100000000111111110000000000011111100000000000000000111110000000000000000000000000001111111111
11111100000000000000000000000000000000000011000000000000000000000000000000000011111110000011111111111100001000000000111111110000000000001111110000000000000000011110000000000000000000000000001111111111
11111100000000000000000000000000000000000011100000000000000000000000000000000001111100000001111111110000000000000000111111110000000000000111111000000000000000011110000000000000000000000000001111111111
11111100000000000111110000000000000000000001111000000000000000000000000000000001111100000001111111100000000000000000111111100000000000000011111111000000000000001100000000000000000000000000001111111111
11111100000000001111111000000000000000000001111100000000000000000000000000000011111100000000100111000000000000000000011110000000000000000011101111100000000000000000000000000000000000000000000111111111
11111100000000001111111110000000000000000000111110000000000011110000000000000111111100000000000010000000000000000000011100000000000000000111000111100000000000000000000000000000000000000000000001111111
11111100000111001111001111000000000000000000011111000001000011111000000000000111111100000000000000000000000000001000000000000000000001111111000111100000000000000000000000000000000000000000000000011111
11111100000111111110000111000000000000000000001111111111100011111000000000001111111100000000000000000000000000011100000000000000000011111111100011100000000000000000000000000000000000000000000000011111
11111100000011111100000000000000000000010000000111111111100011111100000000011111111000000000000000000000000000011100000000000000000011111111100001000000000000000000000000000000000000000000000000011111
11111100000011111000000000000000000000111000000111111111110001111100000001111111110000000000000000000000000000011100000000000000000011100111100000000000000000000000000000000000000000000000000000011111
11111100000011111000000000000000011111110000000011111001110000111100000001111111100000000000000000000000000000011100000000000000000011000011100000000000000000000000000000000000000000000000000000011111
11111101100011110000000000000000111111100000000001110000100000111000000011111110000000000000000000000000000000111100000000000000000000000000000000000000000000000000000000000000000000001100000000011111
11111111110001110000000000000000111111100000000001110000000000111000000011111100000000000000000000000000000000111110000000000000000000000000000000000000000000110000000000000000000001111110000000011111
11111101100001110000000000000000000011100000000001110000000000011110101111111000000000000000000000000000000000111011111111000110000000000000000011100000000001110000000000000000000111111111111000011111
11111100000001110000000000000000000001110000000011111000000000001111111111110000000000000000000000000000000000000011111111111111000011110000111111100000000011111000000000001111111111111111111000011111
11111100000001110000000000000000000001111110101111111100000000000111111111100000000000000000000000000000000000000000111111111111000011111001111111110000000011110000000000001111111111111111111000011111
11111100000000100000000111100000000001111111111111111110000000000011111111000000000000000000000000000000000100000000101011111111000001111111110011111000000011100000000000000111111100011001111000011111
11111100000000000000000011100000000001111111111111111111000000000000001111000000000000000000000000000000001110000010000000111111000001111111100001111000000111100000000000000011111100000000111000011111
11111110000000000000000011100000000001111111111111110011100000000000001111100000000000000000000000000000001111000111000000111110000001111111000000000000000111100000000000000111111100000000011100011111
11111110000000000000000011100000000011111111111111110011110000000011111111110000000000000000000000000000001111111110000001111100000001111110000000000000001111100000000000000011111110000000011110011111
11111100000001000000000011100000000011111111111111100011111000000111111111111000000000000011100000000000001111111110000001110000000001111110000000000000001111100000000000000000011111000100011111011111
11111100000011110000000111000000000111100001111100000011110000000111111001110000000000000011111111000000001111111100000001100000000000111100000000000000000111110000000000000000001111111100011111111111
11111100000111111000001110000000000111000000000000000111100000000111110000000001111000000011111111100000000011111000000000000000000000011000000000000000000011111100000000000000000111111110011111111111
11111100001111110000011110000000000110000000000000001111100000000000000000000011110000000111111111000000000001100000000000000000000000000000000000000000000000011111100000000000000111111110000000111111
11111111111111000000011110000000000110000000001100001111100000000000000000011111100011111111111100000000000001100000000000000000000000000000000000000000000000000111110000000000000111111100000000111111
11111111111100000000011110000100000000000000011100001111000000000000000000111110000011111111111000000000000011100110000000000000000000000000000000000000000000000111110000000000000111111100000000111111
11111111111000000000011110001110000000000000011100001110000000000000000001110000000001111110001000000000000011111111000000000000000000000000000000000000000000000111111001111110000111000000000001111111
11111111110000000000011100000111000000000000011100001110000000000000000011100000000001111110000000000000000011111111000000000000000000000000000000000000000000000111111111111110000110000000000001111111
11111111110000000000111000000111100000000000111100001110000000100000000111100000000001111000000000000000000011111111000000000000000000011000000000000000000000001111111111111110000000000000000001111111
11111111100000000001110000000111111111110000111100001100000001100000000011110000000011111000000000000000000000001111000000000000000000001111000000000000000000011111111111111111100000000000000000011111
11111100000000000011110000000111111111110000011110000000000111110000000001111111111111110000000000000000000000000010000000000000000000111111100000000000000001111111110011111111110000000000000000011111
11111100000000000001100000000111111100000000001111100000001111111000000000011111111111110000000000000000000000000000000000000000000000111011110000000000000001111111100001111111110000001000000000011111
11111100000111000000000000000111111000000000000111110000011111111000000000011111111111110000000000000000000000000000000000000000000000110001110000000000000001111111000000011111100000011100000000011111
11111100000111100000000000001111110000000000001111100000011111111000000000011111111100100000000000000000000000000000000000000000000000110000000000000000000000111110000000001111000111111000000000011111
11111100000111111000000000001111100000000000111111000000011111111100111001111111110000000000000000000000000000000000000000000000000000011000000000000000000000111100000000000011101111111100000000011111
11111100000111111100000000001111000000000001111110000000000101111111111111111100110000000000000000000000000000000000000000000000000000011000000000000000000000111000000000000011111111111110000000011111
11111100000111111110000000000000000000000001111100000000000001011111111111111001110000000000011110000000001110000001000000000000000000001100000000000000000001110000000011100011111001111110000000011111
11111100000111111110000000000000000000000001111000000000000000001111111111100001111101000111111111000000011111100011000000000000000000001110000000000000000011110000000111110001110001110000000000011111
11111100000011111100000000000000000000000000110000000000000000001111101110000011111111111111111111000000011111111111000000000000000000001111000000000000000111111000001111110000000001111000000000011111
11111100000001111000000000000000000000000000100001100000000000001111000000000011111111111111111111000000011111111110000000000000000000011111100000000000000111111100111111110000000001111110000001111111
11111100000000110000000000000000000000000001100011110000000000001111000000000111111111111111110001000000111111111100000000000000000000111111000000000000001111111111111111100000000011111111000011111111
11111100000000110000000000000000000000000011100011110000000000011111000000000111110000000000000000000001111111111100000000000000010000111000000000000000001100011111111111000000001111111111100011111111
11111100000000110000000000000000000000000111000111110000000000011111000000000011100000000000000000000011111111111100000000000000011001110000000000000000000000011111111110001100111111100111110111111111
11111100000000110000000000000000000000000111000111100000001100111111100000000000000000000000000000000111111111111100000000000000011101110000000000000000000000111111111000001111111111000111111111011111
11111100000000000000000000000000000000000110001111000000011111111111111100000000000000000000000000001111100111110000000000000000011111110000000000000000000001111111110000000111111110000111111111011111
11111100000000000000000000000000000000000000011110000000011111111111111110000000000000000000000000001111000011100000000000000110011111110000000000000000000011100111100000000001111100001110011111011111
11111110000000000000000000001110000000000000111100000000011111110000001100000000000000000000000000001111000011000000000000001111111110000000000000000000000011000011000000000000111100001100000110011111
11111111000000000000000000011110000000000001111100000000000111100000000000000000000000000000000000000110000110000000000000000111111110000000000000000000000000000000000000000000011100001100000000011111
11111111100000000000000000011110000000000011111100000000000011100001100000000000000000000000000000000110001110000000000000000011111110000000000000000000000000000000000000000000011100001110000000011111
11111100000000000000000000111110000000000111111000000000000001100111110000000000000000000000000000000000011100000000000000000001111111000000000000000000000000000000000000000000011100011111111000011111
11111100000000000000000000111110000000111110000000000000000000111111111100000000000000000000000000000000011111110000000000000001111111100000000000000000000000000000000000000000011100011111111000011111
11111100000000000000000001111111000001111000000000000000000000111111111110000000000000000000000000000000000111111000000000000001111100000000000000000011100000000000000000000000000000001111100000011111
11111100000000000000000011111111100000100000000000000000000000111110011111000000000000000000000000000000000111111111000000000001111000000000000000000011100000000000000000000000000000000000000000011111
11111100000000000000000111111111100000000000000000000000000000011100001111100000000000000000000000000000000011111110000000000000110000000000000000000111100111100000000000000000000000000000000000111111
11111100000000000000000111111111110000000011000000000000000000001100000000000000000000000000000000000000000011111000000000000000000000000000000000000111001111110000000000000000111000000000000001111111
11111100000000000000000111100001111000000111000000000000000000001110000000000000000000000000000001100000000111110000000000000000000000000000000000000111000111110000000000000001111000000000000011111111
11111100000000000000000011000000111111111111000000001000000000001110000000000000000000000000000001110000011111110000000000000000000000000000000000000111000001111000000000000111111000000000000011111111
11111100000000000000000000000000111111111111100000011100000000000000000000000000000000000000000000111000011111111100000000000000000000000000000000000111000000111000000000011111110000000000000011011111
11111100000000000000000000000000111111111111111000011110000000000000000000000000000000000000000000111111111111111100001100000000000000000000000000000111000000111100000000111110000000000000000000011111
11111100000000000000000000000001111111111111111111111110000000000000000000000000000000000000000000111111111111111110011100000000000000000000000000000111000000111100000001111100000000000000000000011111
11111100000000000000000000000001111111111111111111111100000000000000000000000000000000000000000000111111111111111111111100000000000000000000000000000110000001111100000011111000000000000000000000011111
11111100000000000000000000000001111111111111111111111100000000000000000000000000000000000000000000111111111111111111111000000000000000000000000000000110000001111100001111110000000000000000000000011111
11111100000000000000000000000000000001111111111111111100000000000000000000000000000000000000000000011111111111111110000000000000000000000000000010000110000001111100011111000000000000000000000000011111
11111100000000011111000000000000000000000001111111111100001110000000000000000000000000000000000000011111111111111100000000000000000000000000000111000011100001111000011100000000011000000000000011111111
11111111111111111111111111111111111111111111111111111111111111111111111111111111111111111111111111111111111111111111111111111111111111111111111111111111111111111111111111111111111111111111111111111111
11111111111111111111111111111111111111111111111111111111111111111111111111111111111111111111111111111111111111111111111111111111111111111111111111111111111111111111111111111111111111111111111111111111
11111111111111111111111111111111111111111111111111111111111111111111111111111111111111111111111111111111111111111111111111111111111111111111111111111111111111111111111111111111111111111111111111111111
11111111111111111111111111111111111111111111111111111111111111111111111111111111111111111111111111111111111111111111111111111111111111111111111111111111111111111111111111111111111111111111111111111111
11111111111111111111111111111111111111111111111111111111111111111111111111111111111111111111111111111111111111111111111111111111111111111111111111111111111111111111111111111111111111111111111111111111
